Patch_URL,Files_Changed,Insertions,Deletions,Total_Changes
https://gitlab.freedesktop.org/poppler/poppler/-/merge_requests/1560.patch,7,809,420,1229
https://gitlab.freedesktop.org/poppler/poppler/-/merge_requests/1575.patch,17,469,575,1044
https://gitlab.freedesktop.org/poppler/poppler/-/merge_requests/1602.patch,1,2,2,4
https://gitlab.freedesktop.org/poppler/poppler/-/merge_requests/1599.patch,5,58,41,99
https://gitlab.freedesktop.org/poppler/poppler/-/merge_requests/1586.patch,1,0,1,1
https://gitlab.freedesktop.org/poppler/poppler/-/merge_requests/1556.patch,2,142,95,237
https://gitlab.freedesktop.org/poppler/poppler/-/merge_requests/1600.patch,7,32,32,64
https://gitlab.freedesktop.org/poppler/poppler/-/merge_requests/1596.patch,3,23,2,25
https://gitlab.freedesktop.org/poppler/poppler/-/merge_requests/1597.patch,1,10,6,16
https://gitlab.freedesktop.org/poppler/poppler/-/merge_requests/1592.patch,4,20,56,76
4.36364,142.273,111.818,254.091
